1 3 8 20 1 18 12 17 2 14 19 5 4 15
2 11 20 6 15 10 7 12 4 13 16 1 5
3 6 8 16 19 4 11 7 9 10 2 18 1 15
4 13 14 2 10 9 17 7 12 11 20 15 5 8
5 15 17 14 1 10 7 2 4 8 12 3 20 18
6 15 19 12 13 11 1 14 2 3 8 18 17 10
7 8 11 15 5 3 13 16
8 20 17 2 18 5 10 1
9 1 9 15 13 19 14 16 7 11 18 12 17
10 5 18 7 15 4 8 10 6 17 3 1 20
11 15 11 19 12 8 16 5 20 10 1 6 17
12 18 2 3 17 7 6 9 4 1 11 8 16
13 11 14 9 10 18 3 19 1 7 12 4 8
14 13 18 5 19 20 8 1 7 16 17 9 3
15 12 9 19 13 8 18 5 10 6 20 1 4
16 9 12 2 19 15 1 18 14 6 17 10 4
17 14 13 8 15 19 7 3 17 18 9 16 12
18 10 12 14 20 7 17 8 13 9 1 6 5
19 13 14 6 1 16 12 15 2 4 9 10 3
20 12 9 8 16 20 1 2 17 5 18 14 4